446 717 558 717
17 723 757 723
20 15 754 15
17 17 757 17
23 23 317 23
23 717 23 458
18 724 18 16
322 24 524 24
749 608 749 262
21 725 754 725
16 721 16 18
17 722 17 16
756 724 756 16
758 721 758 19
750 608 750 455
751 256 751 23
19 724 755 724
19 16 755 16
157 716 393 716
757 722 757 18
24 718 151 718
24 22 316 22
25 408 25 24
575 308 575 148
24 407 24 24
574 502 574 313
576 308 576 148
524 491 524 201
65 406 348 406
522 427 522 22
523 195 523 22
66 408 350 408
24 457 350 457
24 458 349 458
24 459 348 459
65 407 349 407
391 718 391 570
573 503 573 333
447 718 447 569
672 67 672 22
446 716 446 568
392 611 392 569
85 569 130 569
157 717 393 717
448 718 448 571
136 570 179 570
236 263 279 263
658 218 705 218
393 611 393 568
158 307 158 225
157 307 157 225
660 219 705 219
564 718 750 718
225 168 321 168
663 454 748 454
159 307 159 226
129 615 129 570
116 220 116 177
387 241 476 241
123 220 166 220
284 272 284 218
750 449 750 262
122 115 122 66
70 226 156 226
224 167 321 167
597 568 650 568
575 313 619 313
710 256 710 210
114 306 156 306
389 239 477 239
394 248 481 248
664 455 751 455
131 563 131 516
164 314 164 218
138 564 138 518
130 564 130 517
665 456 665 404
115 109 115 66
671 67 671 24
226 169 292 169
85 563 129 563
322 166 322 117
166 312 166 221
315 161 315 115
666 456 751 456
137 617 137 569
234 264 279 264
599 566 648 566
123 219 123 176
598 567 649 567
512 676 557 676
87 571 131 571
165 313 165 219
670 448 751 448
670 449 748 449
230 160 314 160
72 227 156 227
115 314 163 314
574 307 618 307
671 450 748 450
395 246 484 246
136 562 178 562
231 161 314 161
232 162 313 162
23 24 317 24
598 619 598 569
70 115 121 115
137 564 180 564
72 116 121 116
512 671 565 671
658 212 712 212
70 225 156 225
660 210 709 210
708 615 751 615
568 503 568 459
235 653 283 653
596 617 596 569
705 613 750 613
136 617 136 571
395 247 483 247
389 293 389 240
272 67 323 67
513 677 558 677
272 66 324 66
398 105 444 105
272 60 317 60
525 491 525 426
597 618 597 569
388 240 477 240
272 61 316 61
235 659 289 659
349 456 349 409
394 293 394 249
236 660 288 660
348 618 393 618
563 716 563 670
398 106 443 106
444 104 444 60
347 617 392 617
605 617 605 573
663 453 663 405
751 447 751 262
477 238 477 194
70 109 114 109
235 658 290 658
603 619 603 575
564 716 751 716
658 211 711 211
523 490 523 201
350 456 350 409
237 364 285 364
236 652 283 652
575 142 575 22
604 618 604 574
565 717 565 672
70 108 116 108
484 245 484 194
236 363 286 363
348 456 348 409
558 718 558 678
236 272 283 272
400 113 449 113
398 111 451 111
574 149 617 149
395 292 395 249
576 143 618 143
451 110 451 62
388 292 388 242
398 112 450 112
237 362 237 312
483 245 483 201
514 678 559 678
711 256 711 213
348 609 390 609
138 569 180 569
476 195 524 195
346 616 390 616
121 114 121 65
235 362 287 362
564 717 564 670
393 715 393 619
705 263 705 220
567 502 567 458
666 67 666 22
274 68 322 68
347 610 390 610
658 217 704 217
23 407 23 25
320 166 320 115
387 290 387 242
574 308 574 148
664 453 664 404
559 716 559 679
566 501 566 458
712 257 712 213
513 670 562 670
113 312 163 312
704 263 704 220
442 104 442 62
450 110 450 61
396 291 396 249
321 166 321 116
392 718 392 619
70 114 123 114
122 218 163 218
274 59 317 59
574 142 617 142
449 110 449 60
476 202 521 202
85 570 130 570
670 447 670 404
703 262 703 220
443 104 443 61
124 219 163 219
235 361 235 315
577 150 616 150
117 220 117 176
706 614 751 614
225 166 225 117
606 573 650 573
574 141 616 141
667 67 667 24
482 245 482 203
346 611 390 611
224 166 224 118
72 107 116 107
673 66 673 22
247 651 290 651
59 407 59 363
242 357 286 357
557 718 557 679
66 405 66 363
60 406 60 362
514 669 554 669
485 200 521 200
577 148 618 148
324 65 324 22
606 574 650 574
476 238 476 196
606 575 649 575
575 315 617 315
400 104 441 104
244 358 287 358
705 608 748 608
234 270 286 270
158 718 390 718
478 196 521 196
242 356 285 356
58 408 58 364
152 716 152 672
65 405 65 362
322 23 521 23
706 262 748 262
706 607 751 607
236 361 236 313
577 308 619 308
674 22 750 22
234 271 285 271
478 194 524 194
531 490 531 458
114 106 114 67
707 606 751 606
286 269 286 220
475 238 475 206
290 657 290 609
234 265 279 265
150 717 150 674
750 717 750 616
67 405 67 365
151 717 151 673
285 269 285 219
530 490 530 458
323 65 323 22
230 159 230 116
529 460 565 460
485 201 521 201
